10
20
30
50
70
80
100
130
220
240
280
300
400
420
440
500
550
570
620
730
2200
2210
2280
2310
2320
2620
2630
2640
2800
2820
2990
3020
3480
3590
4000
4760
6850
6860
6880
6900
7000
7520
7830
7940
8000
8140
8190
8800
8870
8930
8980
9710
10090
10180
10220
10680
11040
11130
11140
11150
12100
12110
12120
12140
12150
12170
12180
12200
12210
12320
12360
12840
13500
13520
13530
15080
15100
15120
15170
15300
16900
17410
17460
17470
17480
19000
19830
19900
19980
20510
20900
21000
21100
21680
21690
21800
22140
22300
22320
22370
24010
24240
24670
24740
24870
24880
25000
32440
32510
33120
33220
33230
33320
33520
34030
34190
34330
35140
35700
35720
39210
39510
39520
39680
40960
40990
41500
41900
42690
42700
42710
42910
42960
43110
43160
44350
45740
45750
45760
45770
46290
47400
47890
47920
48000
48190
48700
49520
50130
55100
57690
63000
65540
71250
71340
72850
102600
105600
108600
108710
113200
200260
200510
200710
201310
201790
201810
201870
202130
202170
202310
202530
202750
202970
202990
203140
203160
203650
204100
204120
204360
204450
205100
206370
207610
208500
208650
209000
209160
209650
212580
212910
213330
213610
213670
214250
214340
214490
214510
218620
219150
220200
220240
220440
220700
220740
221040
221100
221910
222420
222440
222940
223850
224040
224060
225020
225080
225300
225320
225420
225540
227300
228300
228380
228400
228880
230230
230290
231430
232090
232890
233130
233270
233450
233720
233780
233860
234080
234140
234670
235210
235460
235540
235600
236150
236390
236430
236850
237110
238090
238320
238460
239030
239140
239820
240720
241600
241930
242050
242550
242700
242760
242820
242920
243470
244210
245170
245620
246420
246580
246620
246900
246960
247080
247430
248610
249130
249870
250180
250320
250620
250900
251150
251270
251570
252230
252330
252410
252490
252530
252950
253230
253430
254700
255220
255710
257350
257420
259130
259530
259550
260210
260730
260750
261030
261180
261550
261570
261640
262060
262240
264710
265550
265930
268050
268500
268910
269190
269210
269770
269790
270880
271590
272510
274170
274190
275850
277430
278080
280720
280850
281990
282070
282140
282350
282800
282900
283600
283640
283680
283740
284160
285160
285900
286160
286200
286690
287290
287310
287390
287700
287980
288160
289650
289950
290040
290100
291650
292030
292120
292730
293760
294100
297000
298110
298630
300820
301300
301640
302180
302210
304240
304430
305620
306020
306130
307690
307780
307940
310390
310950
311210
311260
311310
311340
311560
311690
312520
312650
312660
313160
313340
313690
314650
315210
319510
319630
319910
320040
320240
320300
320310
320760
321360
322170
322190
322330
322520
323190
323470
323580
324160
324800
325610
329050
329430
329860
330020
332200
332310
332570
332800
332950
333600
333980
334940
335300
337000
337320
337340
337360
339340
339580
340170
341000
341800
341940
342630
343780
345200
345240
345800
346010
346110
346560
347620
349040
349270
349680
350080
351710
351970
352400
353090
353270
354140
354350
356190
357070
358130
359550
359840
360380
360430
361280
361420
362890
362930
363130
363150
363930
364360
365360
365450
365590
365960
366250
367450
367500
367520
368070
368260
368340
368360
368500
371660
371970
373420
374040
374190
374320
374900
375910
376210
377160
377530
377840
378540
379430
379720
381210
383150
383180
383870
383980
385730
385800
386110
386180
386940
387290
387340
387990
388060
388090
388410
388800
389730
391220
391540
391730
392160
393080
393380
394360
396750
397540
400750
401680
401890
402040
402130
402980
403190
403640
403860
405310
407130
407530
409710
409720
410110
410340
411300
412020
412830
413150
413410
413420
414700
415480
416590
418240
418370
420110
421020
423580
424370
424840
425220
425580
427030
427100
427190
427250
427290
427410
427520
427730
428690
429050
429570
429660
430210
430960
431240
431960
433340
434650
434730
435150
438740
439930
440550
440900
442070
443460
444280
444290
445110
445220
445980
446020
447020
447040
447120
447170
447180
447200
448280
448510
448630
449800
451340
451760
451780
453850
454650
454690
455980
456610
456750
457140
457820
458480
458710
459220
460120
460160
460810
460920
460930
460950
461720
462780
462990
463530
464780
466130
466740
466860
466890
467310
467960
468920
469610
473730
474960
475150
475550
476600
477160
480490
482400
483330
485410
485460
485510
485670
485980
489370
489630
489830
490940
491530
491540
491650
491830
492720
492740
493080
493340
493490
494430
494840
495140
495420
495560
495890
500190
501300
501900
501940
502370
502500
502800
503560
503820
504130
504230
505460
506510
506610
507010
507400
507490
508440
508900
509980
510420
510620
512900
513590
513630
513710
514310
514900
515180
515960
516750
517630
518580
518790
518920
521130
521890
522470
523770
524220
525300
526160
526790
526870
527230
527430
527550
528080
528090
528230
529340
529590
530390
532210
533540
533820
533950
534380
534550
535460
535480
535930
536220
537340
538030
538680
540650
543460
543870
543900
544390
544750
544920
546070
546560
547340
548430
548570
551730
552100
552500
552520
553420
553540
553640
553850
554620
554790
555150
555160
555220
555950
557340
557600
560130
562640
563120
564180
566440
567210
567640
568220
569810
570770
570780
570940
571010
571260
571310
571530
571720
571740
572890
573090
574050
574160
577230
577800
578080
578330
578620
578650
579490
581000
581320
582010
582160
582550
584400
585020
586190
586400
586530
586540
587260
588030
588160
588650
588970
589290
589360
589590
591630
592480
592750
593280
594330
594570
594650
594720
595500
595520
595740
597030
597170
597180
597760
597820
598450
599140
599460
600480
601050
601150
601430
601840
602520
602960
603850
605230
605740
605800
606280
606370
606520
606880
607080
607210
607880
609320
610190
610370
611500
611660
611670
611760
611790
612880
613100
614570
615530
616560
616620
617160
617290
617830
618140
620980
621060
621150
622590
622650
624620
624621
624622
625960
626690
627270
628060
628070
628080
628670
629520
629730
629820
629930
630610
631510
632300
632350
632360
632470
633230
633460
635260
636480
637650
637670
638200
638230
638930
638970
638990
639840
640820
641320
641990
644560
644830
644930
646270
646570
646910
647830
647960
648350
648800
650500
650760
654990
655500
656200
656450
657200
658260
658530
658700
658850
659960
661940
661990
662960
665370
665380
666140
666870
667600
667970
668580
668630
671440
671510
671800
671860
671970
672630
673450
673750
673880
674530
674750
674940
675010
676580
677160
678030
678520
678950
678960
680320
681280
681810
681820
681830
681840
682490
682990
683320
684450
686200
686810
687540
688130
688420
690530
690640
690790
690830
692100
692770
692850
695330
696170
696360
698160
698310
698670
698780
698870
699130
699480
700330
700600
700820
701160
701870
702050
702120
702670
702890
703080
703180
703700
704000
704300
704850
705120
705160
705710
707030
708820
711540
715400
718670
718850
719040
722020
724970
726110
728530
728880
730310
730390
731490
732690
733790
735290
736190
736260
736820
737800
738520
738540
739630
740130
740810
741270
741820
742420
746850
747200
747660
748300
748490
749840
749890
750130
750920
751440
751480
751630
751780
752590
753420
753640
754150
755500
755980
756800
757300
758190
758690
759740
760060
761600
761620
761670
761830
762520
762590
763890
764560
767100
768200
768300
769560
770240
770810
772430
773370
773580
773951
774171
774181
774241
774321
774361
774511
774791
774801
775500
776490
777240
779290
779340
780310
782140
782330
783120
785260
787480
787810
787860
788100
788690
788930
790820
792100
792300
793460
794260
795420
796790
798420
799640
801630
803020
803050
803330
804010
805550
809140
811320
811550
812140
813000
813540
813630
813780
814000
814370
814380
814540
815370
816020
816340
817130
818320
819030
821880
823500
824270
824550
824720
825630
826630
826940
829110
830370
831560
834530
834800
834910
835430
835570
835700
835960
836080
837470
837840
837841
838350
838380
841190
841370
842180
843810
846110
846770
847760
848160
848450
849100
850190
851850
851890
854570
855740
856210
857160
857450
858710
858810
858820
859280
859570
859580
860200
860510
861650
863550
865610
865680
866140
866800
867210
868360
870780
872410
874450
875210
875310
875800
876650
877200
877280
878670
879510
880510
880950
881020
881100
882790
883710
884930
885970
887450
889600
892420
892970
894020
895400
895870
898750
899440
899770
899970
900040
904360
906340
907470
907650
908100
910880
911400
911430
913740
914710
914800
915810
916140
916440
916840
917150
918570
919050
920210
920510
921390
921570
921780
921800
922050
922500
923470
923570
923910
924970
924980
927250
927380
928990
930230
930910
931180
931280
931500
933110
933820
934700
934780
934930
936790
937170
939400
939850
939960
942430
942970
943370
944020
944110
945360
945710
945770
946010
946030
947890
948770
948880
949230
949290
949480
950670
951000
951430
951440
951530
952040
952060
952070
952290
952420
952540
952730
952860
953490
953870
953880
954690
954740
954850
955050
955180
955900
957960
958260
958480
960090
960420
960910
960990
962130
962400
962730
963870
965230
965680
967050
968550
969990
970500
970560
970570
970830
971680
972660
973580
973810
975680
976310
976730
976890
977880
977950
978300
978520
979070
979110
979690
981430
981770
982270
982720
982970
985830
985900
986040
986130
986680
987230
987840
989550
990030
990050
990080
991170
991270
991560
992300
993090
993790
994280
994730
997010
997070
998740
998930
998940
999220
1000010
1000360
1000760
1002300
1003090
1005120
1006510
1009290
1009560
1010600
1012790
1012880
1013140
1013220
1013310
1015460
1015500
1015890
1016600
1016860
1016920
1016960
1017180
1017900
1018800
1019550
1020790
1022710
1024380
1024650
1025960
1027880
1028590
1029550
1029690
1029780
1030210
1030830
1030840
1031120
1031510
1032430
1033420
1034140
1035760
1036240
1036640
1036890
1038370
1039100
1039890
1040200
1040230
1041840
1042490
1042670
1042920
1043260
1044450
1044490
1044720
1045620
1046480
1049410
1051310
1055540
1056960
1057090
1057180
1058450
1058770
1058830
1060210
1061010
1061090
1061910
1062090
1062160
1062520
1063040
1063420
1063660
1063730
1065310
1066780
1067850
1068820
1069690
1069740
1070260
1070710
1071140
1071870
1072420
1073310
1073440
1073910
1074190
1075740
1076120
1076750
1078350
1078760
1079260
1080020
1081450
1084020
1084160
1084600
1085180
1085510
1085660
1086640
1086940
1088710
1088850
1089090
1089350
1089980
1090440
1090630
1091500
1092530
1092790
1093290
1094390
1094520
1096300
1096570
1096730
1096900
1096930
1097150
1097200
1097350
1097840
1098940
1099640
1100260
1100930
1100970
1101120
1101300
1102190
1103880
1104280
1105500
1105510
1105670
1106840
1108000
1108320
1108590
1109570
1109680
1111070
1111460
1113000
1113120
1113560
1114070
1114150
1114530
1115690
1117210
1118200
1118240
1119700
1119730
1119840
1120320
1120810
1121560
1121640
1122340
1122720
1123050
1123770
1124180
1124260
1124300
1126290
1126310
1126320
1127400
1127500
1127700
1127980
1128860
1128920
1129540
1129580
1130620
1132760
1132980
1135690
1136160
1136370
1136380
1137300
1137750
1138650
1139900
1139980
1140440
1141760
1142710
1142810
1143810
1143852
1144200
1144400
1144860
1145350
1145360
1147480
1147560
1149460
1149550
1149620
1149660
1150080
1150440
1150530
1150760
1151340
1151440
1151450
1151640
1153070
1154670
1154830
1154840
1155330
1155870
1156060
1156960
1157390
1157750
1158160
1158310
1158370
1158850
1159090
1159420
1159690
1160920
1161170
1161580
1161590
1161830
1161870
1162520
1163140
1163550
1164250
1165470
1167100
1167630
1168660
1169040
1171310
1172380
1172450
1172620
1174180
1175830
1175840
1176470
1177400
1177980
1178490
1178780
1178830
1179080
1181830
1182620
1182900
1183260
1184050
1184160
1184370
1186040
1186640
1188930
1189490
1189630
1190000
1190400
1190970
1191120
1191210
1191260
1191840
1192010
1194630
1194930
1195290
1195420
1196090
1196590
1197570
1197651
1198400
1198730
1199030
1201230
1201270
1201540
1202130
1202310
1202460
1202690
1203220
1203620
1203930
1205240
1205970
1206200
1206560
1206610
1206700
1209410
1209490
1210300
1210320
1211020
1211600
1212830
1213210
1213420
1213740
1214470
1214650
1215390
1216320
1216710
1217060
1217410
1218170
1218500
1220010
1220140
1220840
1222140
1222370
1222470
1222670
1222680
1222690
1222700
1222730
1224020
1224700
1225330
1225780
1226970
1227280
1227650
1227690
1227890
1228520
1229240
1229490
1229880
1230140
1230800
1231460
1232130
1232180
1232460
1233260
1233340
1233570
1234940
1235140
1236300
1236780
1236990
1237320
1237970
1238060
1238810
1238820
1238840
1239020
1239050
1239080
1239260
1239320
1240210
1240440
1243830
1244090
1244460
1244630
1244800
1245430
1245560
1245620
1245640
1247100
1248130
1248990
1249060
1249800
1249970
1250410
1250650
1250760
1251640
1252330
1252680
1252710
1253920
1254320
1254730
1255630
1256610
1256670
1257280
1257290
1257860
1259420
1259840
1259970
1259980
1260320
1260520
1260590
1261040
1262060
1262240
1262350
1262540
1262560
1262580
1262600
1263620
1263850
1264670
1265780
1265800
1265860
1265920
1265930
1266220
1266430
1266630
1266700
1266840
1267470
1267540
1267790
1267910
1268590
1268750
1269020
1269370
1270580
1271190
1271700
1272010
1272080
1272320
1273100
1273260
1273400
1274570
1274600
1275890
1276660
1276760
1276790
1276800
1277400
1277930
1279370
1279380
1279740
1279750
1279920
1280930
1281590
1281930
1282100
1282150
1282200
1282550
1282590
1282730
1283190
1283230
1283400
1283500
1283970
1284190
1284410
1285080
1286220
1286320
1286350
1286580
1286620
1286680
1286880
1287300
1288310
1288420
1289310
1289380
1290000
1291340
1292770
1292910
1292940
1293160
1293180
1293460
1293820
1293830
1294760
1294810
1294880
1295270
1295510
1295920
1296360
1296610
1296770
1296830
1297300
1298480
1299320
1299360
1299510
1299630
1300270
1300920
1301620
1302240
1304930
1306630
1306720
1307090
1307550
1307890
1308500
1309950
1309990
1310410
1310460
1310990
1311070
1313140
1313860
1314590
1314630
1314770
1315160
1315980
1316230
1316680
1316800
1316910
1318690
1319750
1321440
1321450
1321680
1323470
1324130
1324340
1324530
1325200
1325900
1326470
1328350
1328660
1328840
1329880
1330000
1330470
1330560
1331510
1331550
1332010
1332720
1332760
1333200
1334040
1335200
1335790
1335830
1336180
1336490
1336980
1337010
1337520
1337760
1338770
1338840
1339890
1340480
1341050
1341200
1341290
1341820
1342260
1342330
1342790
1343240
1343520
1343670
1345740
1346590
1346770
1346960
1347970
1348180
1348390
1348920
1349230
1350650
1350840
1351000
1351080
1351240
1352850
1352930
1353230
1354830
1356240
1356670
1356810
1357870
1358140
1358700
1359090
1359980
1360000
1360810
1361320
1361510
1363080
1364100
1364210
1364780
1366540
1366800
1367300
1367550
1368030
1368210
1368820
1369370
1369630
1369670
1369760
1370050
1370170
1370390
1371980
1372110
1372280
1372530
1372810
1373960
1374970
1374990
1377380
1378800
1378990
1379600
1380220
1380420
1380910
1381850
1382070
1382330
1383250
1384160
1384770
1385100
1385380
1386780
1388370
1388580
1388590
1388880
1389990
1390190
1390350
1390410
1390700
1392960
1393350
1393410
1393750
1393790
1394800
1394930
1394960
1395760
1395850
1396240
1397390
1399080
1399170
1399590
1399750
1399840
1401150
1401400
1401590
1402110
1403650
1404210
1404660
1404850
1405500
1406850
1406990
1407450
1408610
1409740
1409830
1410640
1411740
1411910
1412510
1414180
1415660
1416920
1417880
1418630
1419730
1420770
1420780
1421480
1421790
1421960
1422130
1422430
1422440
1423330
1423600
1423900
1424720
1424870
1425430
1426210
1426730
1428100
1430680
1430760
1431610
1432050
1432100
1432320
1432860
1433140
1433340
1433570
1434480
1435670
1435790
1436700
1436990
1437400
1437820
1437830
1437840
1437850
1437860
1437880
1441840
1442160
1442300
1442430
1442450
1443200
1446650
1446780
1447000
1448260
1448440
1449070
1449200
1449280
1449560
1449690
1450080
1450090
1450120
1450130
1450830
1450900
1451090
1451190
1451810
1451940
1452070
1453900
1453940
1454010
1454400
1454970
1455070
1455840
1456650
1456760
1456880
1457080
1457320
1457510
1457520
1458140
1459960
1460040
1460220
1460270
1462040
1462530
1462650
1463780
1464930
1465260
1465360
1465460
1465890
1466060
1466640
1466690
1466860
1467920
1468720
1468810
1469170
1469610
1471180
1471200
1471270
1472560
1472660
1474930
1475810
1475980
1476170
1477060
1477070
1477830
1477940
1478160
1479140
1479810
1480560
1481170
1481440
1482320
1482380
1483870
1485690
1486140
1488200
1488810
1489630
1490410
1490460
1490890
1492070
1492200
1492360
1492730
1492970
1493640
1493760
1494840
1494960
1495450
1495710
1496590
1496790
1497180
1497230
1497440
1498140
1498570
1498740
1501610
1501750
1502040
1502190
1502970
1502980
1502990
1503850
1504500
1504740
1506830
1506980
1507580
1508680
1508740
1508750
1509090
1509330
1509510
1509960
1510580
1510610
1512050
1514360
1514380
1514690
1514840
1514930
1515640
1516820
1517290
1517910
1517970
1517980
1518770
1519010
1519090
1520060
1520370
1520500
1520720
1522160
1522820
1522870
1524710
1525260
1525700
1527950
1527980
1530160
1531250
1532690
1533390
1533420
1536070
1536470
1536610
1538460
1538970
1539620
1543030
1543080
1543280
1543400
1544020
1544360
1545290
1545450
1545560
1546400
1546570
1546970
1546990
1547000
1547890
1548680
1548850
1549970
1550510
1550710
1551030
1551360
1553000
1553910
1554690
1554840
1555110
1556790
1556870
1556900
1557740
1557860
1558510
1558830
1558930
1559390
1559570
1561040
1562430
1562700
1562940
1563130
1563180
1565840
1566390
1566690
1566880
1567020
1567800
1568590
1568880
1568940
1569040
1569090
1569930
1570010
1570070
1570090
1570330
1571100
1572340
1573060
1573100
1573280
1574580
1574820
1576350
1577120
1578220
1578390
1579380
1579880
1580240
1580520
1580780
1580790
1581770
1582130
1582390
1582650
1582890
1583230
1583320
1584090
1584940
1585180
1585220
1585440
1585700
1587540
1588010
1588380
1588410
1588870
1589120
1590750
1590910
1591530
1591860
1591870
1592110
1592190
1592280
1592520
1592670
1593030
1593500
1593700
1594320
1594940
1595280
1597290
1598160
1598730
1599330
1599340
1599600
1599660
1599860
1600370
1601280
1601580
1601740
1602010
1602080
1602200
1602560
1603640
1604030
1605010
1605220
1606180
1608040
1608070
1608230
1608290
1610220
1611430
1611600
1611910
1612740
1612780
1614270
1615290
1617030
1618230
1619520
1620890
1621310
1621680
1621690
1622770
1622780
1622800
1622910
1623730
1623940
1624540
1626890
1627570
1627720
1629520
1629910
1630080
1630110
1631130
1631470
1631850
1634080
1634150
1634692
1634693
1634697
1634698
1634699
1634700
1634701
1634702
1634703
1634704
1634705
1634706
1634707
1634708
1634709
1634710
1634711
1634712
1634713
1634860
1636030
1636660
1637230
1637320
1638220
1638230
1638390
1639080
1639430
1639990
1641450
1641670
1641700
1641960
1642620
1643310
1643320
1644320
1644500
1644840
1644940
1644960
1645220
1646120
1646580
1647420
1647770
1648770
1649010
1649080
1649240
1649730
1649740
1650010
1650810
1651560
1651960
1656780
1657630
1658040
1658280
1658290
1658930
1659040
1659420
1660280
1660990
1661400
1662140
1662570
1663220
1664220
1665280
1667700
1668690
1669000
1669980
1670870
1671360
1671410
1672500
1672670
1672970
1673040
1674170
1674890
1675000
1676840
1677110
1677280
1677740
1680880
1681430
1681970
1682060
1682260
1682970
1683150
1683340
1683950
1684170
1684350
1684390
1684930
1686940
1687000
1687950
1689010
1692250
1693040
1693250
1693980
1694420
1694600
1696440
1696810
1697700
1699780
1700630
1700870
1700940
1701520
1701950
1702010
1702920
1703180
1703340
1705180
1705220
1707220
1707550
1707990
1708010
1708520
1708850
1709080
1710100
1710580
1711610
1711950
1711960
1713350
1713810
1714250
1714900
1715130
1715280
1715980
1716740
1717020
1717450
1717510
1717640
1718130
1718570
1721470
1722270
1723260
1723560
1724390
1724920
1726120
1726130
1726570
1726760
1726810
1727650
1729410
1730080
1730250
1730260
1730680
1731070
1731460
1732190
1733880
1735700
1735950
1736550
1737100
1737340
1738770
1739070
1739650
1740720
1741400
1742450
1742470
1743830
1743850
1745400
1745980
1746030
1747760
1748050
1748390
1751350
1752910
1754150
1754790
1754840
1755180
1755300
1755830
1759380
1761380
1761390
1762930
1763050
1764390
1764630
1766740
1767310
1769170
1770080
1770380
1770550
1771300
1772830
1774160
1774580
1775270
1776380
1776970
1777430
1777620
1778820
1780970
1781000
1781070
1781100
1782120
1783280
1783360
1783640
1784780
1785150
1786200
1786790
1787090
1788100
1788250
1789030
1789480
1790230
1790370
1790600
1791590
1793030
1793250
1793840
1794330
1794680
1795470
1796160
1796220
1798010
1798440
1800790
1801110
1801650
1802850
1802880
1802910
1805480
1805510
1807080
1807210
1809310
1809540
1810580
1811260
1811950
1811990
1812070
1812300
1812450
1812620
1813430
1815570
1816300
1816570
1816580
1817070
1817190
1817230
1817490
1817690
1818750
1820140
1822030
1822560
1823380
1823710
1823950
1824220
1824580
1829980
1831250
1832040
1832390
1832400
1832410
1832420
1832430
1832440
1832450
1832460
1832470
1832640
1833520
1836730
1836860
1838950
1839510
1839940
1840350
1840490
1840800
1842480
1842690
1842810
1843090
1845910
1846380
1847240
1849000
1849250
1849900
1850160
1850510
1850570
1850740
1851280
1851610
1853410
1854250
1856190
1857090
1858630
1859360
1859370
1859910
1861610
1865060
1866880
1868140
1868180
1870140
1870150
1874000
1874490
1874880
1874900
1875280
1875830
1876830
1876890
1877020
1879330
1879380
1880330
1881420
1882040
1883260
1886630
1886830
1887840
1888060
1888160
1888930
1889980
1889981
1891090
1892030
1894080
1894430
1895810
1895820
1895880
1896170
1896390
1897110
1898290
1898300
1899060
1899400
1900340
1902690
1902710
1904540
1904860
1905530
1906031
1907720
1909270
1909840
1911610
1912740
1913370
1915510
1916630
1918520
1918530
1918540
1918680
1918700
1919590
1920480
1920660
1920780
1921760
1921770
1921780
1922560
1923670
1923680
1923690
1924170
1924680
1924910
1925870
1927720
1927740
1928420
1928870
1928980
1929610
1929870
1931010
1931600
1931690
1931730
1933970
1933980
1933990
1934040
1934080
1934680
1937500
1937520
1938090
1939560
1939790
1939970
1940340
1942280
1942440
1942660
1943950
1944430
1944790
1945230
1946700
1947950
1948280
1948450
1948980
1949030
1949190
1951230
1951410
1952160
1952170
1952250
1952370
1953860
1954200
1955830
1956800
1957780
1958220
1962430
1962450
1962890
1963040
1963210
1963370
1963570
1964040
1965190
1966490
1966720
1966900
1967260
1967430
1967510
1967630
1969440
1969960
1970150
1970580
1971540
1971650
1971770
1971870
1972440
1973610
1975340
1975440
1978100
1978590
1978610
1979440
1980240
1981500
1981570
1981820
1982340
1983330
1983690
1983700
1983710
1983970
1984790
1985610
1985810
1985820
1986010
1987080
1990260
1993150
1993180
1994370
1995520
1996010
1999170
1999360
1999520
1999770
2000090
2000890
2000950
2003680
2004490
2004660
2005010
2005160
2007530
2007930
2008100
2010030
2012510
2012840
2012970
2013240
2013300
2013730
2014780
2015620
2015700
2017080
2019360
2019370
2019380
2019680
2020980
2021210
2021340
2021380
2022670
2023240
2024230
2024390
2027330
2050400
2050510
2050540
2050650
2050790
2051010
2051120
2052410
2053320
2053940
2054770
2054800
2054810
2054970
2055290
2056210
2056340
2059170
2059790
2059810
2060080
2060130
2060750
2061150
2061250
2061430
2064490
2064590
2064810
2066020
2067790
2068280
2069310
2071200
2071280
2071500
2072130
2072140
2072150
2072170
2072420
2072430
2072450
2073620
2074810
2075070
2076010
2076140
2078040
2079950
2080690
2083570
2084720
2085410
2086140
2086430
2088030
2088160
2088570
2088650
2089450
2089520
2090810
2091160
2091550
2093010
2093910
2094270
2094910
2095290
2095300
2095950
2096310
2096570
2096600
2096610
2099110
2100160
2101080
2101280
2101290
2102450
2102480
2102490
2103140
2103710
2106840
2108250
2109460
2109850
2110820
2111090
2111170
2111190
2113850
2113920
2114740
2115380
2115940
2116120
2116960
2119650
2119660
2119680
2120900
2121360
2124120
2124420
2124490
2128480
2129220
2130460
2130540
2131350
2131630
2131640
2131650
2131680
2134770
2135150
2135690
2136740
2138090
2138330
2138450
2138610
2138710
2140330
2140850
2141730
2142450
2142790
2143340
2143540
2143770
2144740
2146170
2149280
2150870
2151580
2152440
2153350
2155180
2155310
2157560
2157680
2158500
2159210
2159730
2160480
2161440
2161700
2162020
2162800
2163330
2165430
2165431
2168680
2169200
2169830
2170370
2171440
2171560
2172010
2173800
2176850
2179300
2179380
2180340
2180550
2181610
2181950
2182230
2182400
2183310
2183650
2183900
2185780
2186320
2186680
2187220
2187270
2187290
2190290
2191480
2191490
2192790
2193720
2194530
2194810
2195250
2195400
2197680
2198150
2198510
2198580
2198680
2200190
2200780
2201710
2201940
2202970
2205460
2205850
2206320
2208570
2208920
2209850
2211390
2212330
2213190
2215260
2215430
2216130
2217000
2218400
2218750
2219970
2223740
2223840
2225980
2226700
2227450
2229850
2230650
2231190
2231380
2231450
2232600
2232840
2233120
2234150
2235020
2237970
2238900
2239150
2239550
2240110
2242710
2244130
2244480
2246850
2246880
2247570
2248760
2249830
2252570
2254740
2254890
2255870
2258770
2259020
2259040
2262770
2266910
2270600
2271930
2272250
2272420
2272900
2273170
2273420
2273430
2273570
2273610
2273880
2274980
2275150
2276420
2277320
2279700
2281410
2285570
2285890
2286770
2287330
2287520
2288150
2289720
2290000
2290180
2291060
2291340
2291760
2291850
2292060
2295610
2296990
2297010
2299130
2300230
2300320
2302660
2302890
2303350
2304440
2305660
2305840
2306590
2306740
2307350
2311190
2313330
2313720
2314720
2315690
2316580
2318310
2319030
2321210
2321310
2321350
2321470
2321920
2322010
2322440
2322560
2323810
2328540
2329630
2330080
2330870
2331110
2331130
2334730
2336220
2338770
2339040
2339930
2340500
2340600
2340650
2340740
2342950
2343600
2344520
2345020
2348100
2348170
2349820
2350600
2351080
2351120
2353250
2354000
2356780
2358020
2358040
2358720
2360030
2360260
2367070
2367230
2369390
2370310
2370740
2374660
2375000
2375550
2375750
2378620
2378900
2379390
2379780
2380050
2381590
2383120
2384580
2384620
2386660
2386670
2389760
2391840
2391900
2395210
2396980
2397230
2399220
2399420
2399830
2400510
2400770
2401190
2401680
2404370
2404420
2406770
2408820
2409780
2410300
2412490
2417580
2417850
2418520
2420110
2421780
2421820
2423470
2426930
2427700
2428810
2429860
2430700
2430730
2431600
2431880
2432110
2432430
2436570
2436842
2437170
2439710
2440510
2441700
2445990
2446550
2450100
2450970
2453360
2455290
2455640
2457220
2458530
2458560
2458860
2459350
2460070
2460130
2461850
2464120
2464530
2466240
2470590
2475420
2475490
2477340
2478970
2479810
2483970
2484160
2487060
2487120
2488340
2488350
2488510
2488620
2490790
2494230
2494240
2494450
2495450
2497900
2497920
2499420
2499470
2499800
2500750
2501600
2505330
2506160
2506480
2507980
2508770
2510130
2510720
2510770
2510810
2510960
2511030
2513280
2515020
2515210
2515240
2517220
2517710
2521180
2521380
2522620
2525970
2527390
2527500
2530420
2532550
2533870
2533960
2536840
2537590
2538820
2544090
2547120
2550480
2550490
2551690
2552430
2552440
2552450
2553050
2553870
2555190
2559270
2559470
2560650
2561270
2561580
2561880
2565960
2567190
2567870
2572560
2573260
2575900
2578880
2579280
2580130
2581700
2582560
2585270
2591280
2593370
2593900
2594250
2594540
2594920
2596640
2597590
2597970
2600570
2602030
2604480
2608270
2613010
2614070
2617510
2620730
2627780
2631250
2633220
2633640
2633990
2634890
2636420
2637990
2638370
2638560
2644470
2644610
2646460
2647680
2649480
2651280
2652490
2652500
2653170
2653790
2658450
2658920
2663530
2667120
2668510
2669320
2669360
2669410
2669860
2670630
2674190
2674590
2677440
2677660
2677770
2679460
2683150
2685620
2688950
2694490
2695940
2698780
2698940
2699820
2701210
2701660
2703850
2704110
2706170
2707940
2708280
2708950
2710480
2710660
2715650
2717260
2717880
2719190
2719200
2721240
2725260
2726890
2727650
2729480
2732500
2732960
2734310
2738380
2738670
2739590
2740180
2744230
2749770
2751000
2753550
2753720
2757330
2761100
2761510
2761570
2768430
2771110
2771140
2772750
2774380
2774830
2776760
2777220
2780980
2781250
2785200
2786680
2788520
2793370
2795060
2796180
2803060
2812820
2817140
2817530
2819180
2820800
2822030
2824660
2827810
2828860
2834180
2835570
2840770
2841990
2842590
2844700
2846790
2849080
2849120
2850380
2865610
2868430
2873760
2875090
2877720
2878420
2878600
2878980
2881650
2882870
2889660
2890830
2894960
2897760
2901520
2904000
2904890
2907190
2909110
2909400
2915460
2916430
2920570
2924050
2928520
2928650
2932630
2933080
2944800
2950340
2951630
2955820
2961530
2961880
2963880
2967990
2969160
2974060
2976400
2978540
2985930
2989950
2996040
3002850
3008670
3009830
3015860
3016840
3018910
3021100
3023070
3028500
3035570
3036080
3036880
3044550
3058630
3061810
3070070
3097560
3146520
3150440
3156770
3158260
3205080
3241660
3244220
3257360
3259470
3282700
3311740
3359320
